(0, 535)
(0, 541)
(0, 549)
(0, 594)
(0, 619)
(0, 627)
(0, 636)
(1, 23)
(1, 29)
(1, 76)
(1, 85)
(1, 93)
(1, 100)
(1, 103)
(1, 116)
(1, 119)
(1, 136)
(1, 142)
(1, 151)
(1, 155)
(1, 170)
(1, 212)
(1, 231)
(1, 247)
(1, 272)
(1, 281)
(1, 291)
(1, 298)
(1, 308)
(1, 315)
(1, 329)
(1, 332)
(1, 337)
(1, 348)
(1, 351)
(1, 356)
(1, 357)
(1, 369)
(1, 374)
(1, 382)
(1, 389)
(1, 392)
(1, 425)
(1, 427)
(1, 433)
(1, 440)
(1, 447)
(1, 450)
(1, 452)
(1, 453)
(1, 455)
(1, 459)
(1, 465)
(1, 466)
(1, 467)
(1, 469)
(1, 471)
(1, 483)
(1, 486)
(1, 491)
(1, 494)
(1, 496)
(1, 499)
(1, 508)
(1, 509)
(1, 512)
(1, 516)
(1, 519)
(1, 523)
(1, 530)
(1, 537)
(1, 538)
(1, 545)
(1, 547)
(1, 553)
(1, 554)
(1, 560)
(1, 571)
(1, 574)
(1, 576)
(1, 583)
(1, 586)
(1, 593)
(1, 600)
(1, 604)
(1, 607)
(1, 611)
(1, 616)
(1, 633)
(1, 634)
(1, 640)
(1, 644)
(1, 653)
(1, 656)
(1, 657)
(1, 659)
(1, 660)
(1, 664)
(1, 678)
(1, 682)
(2, 19)
(2, 80)
(2, 87)
(2, 126)
(2, 162)
(2, 191)
(2, 233)
(2, 234)
(2, 246)
(2, 363)
(2, 380)
(2, 401)
(2, 408)
(2, 411)
(2, 451)
(2, 473)
(2, 474)
(2, 505)
(2, 562)
(2, 577)
(2, 592)
(2, 646)
(2, 660)
(2, 663)
(3, 185)
(3, 310)
(3, 378)
(3, 412)
(3, 522)
(3, 614)
(3, 673)
(4, 16)
(4, 62)
(4, 85)
(4, 119)
(4, 151)
(4, 155)
(4, 157)
(4, 197)
(4, 215)
(4, 231)
(4, 248)
(4, 251)
(4, 255)
(4, 282)
(4, 286)
(4, 296)
(4, 309)
(4, 316)
(4, 319)
(4, 348)
(4, 357)
(4, 369)
(4, 389)
(4, 417)
(4, 431)
(4, 445)
(4, 452)
(4, 456)
(4, 458)
(4, 459)
(4, 460)
(4, 465)
(4, 466)
(4, 480)
(4, 483)
(4, 486)
(4, 492)
(4, 494)
(4, 496)
(4, 509)
(4, 516)
(4, 519)
(4, 523)
(4, 530)
(4, 543)
(4, 545)
(4, 547)
(4, 551)
(4, 554)
(4, 561)
(4, 572)
(4, 579)
(4, 583)
(4, 586)
(4, 593)
(4, 598)
(4, 600)
(4, 607)
(4, 608)
(4, 611)
(4, 616)
(4, 621)
(4, 626)
(4, 633)
(4, 634)
(4, 635)
(4, 640)
(4, 656)
(4, 657)
(4, 659)
(4, 669)
(4, 670)
(4, 678)
(4, 684)
(5, 23)
(5, 76)
(5, 93)
(5, 100)
(5, 103)
(5, 116)
(5, 136)
(5, 142)
(5, 231)
(5, 247)
(5, 272)
(5, 281)
(5, 291)
(5, 315)
(5, 332)
(5, 337)
(5, 348)
(5, 357)
(5, 369)
(5, 374)
(5, 382)
(5, 425)
(5, 427)
(5, 433)
(5, 447)
(5, 450)
(5, 452)
(5, 455)
(5, 459)
(5, 466)
(5, 467)
(5, 469)
(5, 471)
(5, 491)
(5, 494)
(5, 496)
(5, 499)
(5, 508)
(5, 509)
(5, 512)
(5, 516)
(5, 519)
(5, 530)
(5, 545)
(5, 571)
(5, 574)
(5, 576)
(5, 583)
(5, 586)
(5, 600)
(5, 607)
(5, 611)
(5, 616)
(5, 633)
(5, 634)
(5, 640)
(5, 644)
(5, 653)
(5, 657)
(5, 659)
(5, 697)
(6, 15)
(6, 105)
(6, 120)
(6, 196)
(6, 237)
(6, 272)
(6, 281)
(6, 332)
(6, 351)
(6, 357)
(6, 382)
(6, 399)
(6, 447)
(6, 459)
(6, 509)
(6, 540)
(6, 586)
(6, 604)
(6, 659)
(7, 51)
(7, 114)
(7, 220)
(7, 276)
(7, 295)
(7, 695)
(8, 31)
(8, 64)
(8, 101)
(8, 120)
(8, 152)
(8, 196)
(8, 198)
(8, 232)
(8, 237)
(8, 266)
(8, 281)
(8, 294)
(8, 353)
(8, 354)
(8, 357)
(8, 359)
(8, 382)
(8, 399)
(8, 405)
(8, 447)
(8, 449)
(8, 453)
(8, 459)
(8, 461)
(8, 491)
(8, 496)
(8, 500)
(8, 509)
(8, 512)
(8, 517)
(8, 538)
(8, 553)
(8, 583)
(8, 651)
(8, 653)
(8, 654)
(8, 659)
(8, 686)
(9, 132)
(9, 159)
(9, 166)
(9, 175)
(9, 180)
(9, 279)
(9, 314)
(9, 344)
(9, 390)
(9, 414)
(9, 432)
(9, 448)
(9, 462)
(9, 463)
(9, 468)
(9, 473)
(9, 482)
(9, 511)
(9, 513)
(9, 528)
(9, 533)
(9, 542)
(9, 562)
(9, 566)
(9, 580)
(9, 589)
(9, 590)
(9, 591)
(9, 596)
(9, 597)
(9, 605)
(9, 613)
(9, 622)
(9, 625)
(9, 629)
(9, 632)
(9, 639)
(9, 658)
(9, 663)
(9, 675)
(9, 679)
(9, 692)
(11, 41)
(11, 97)
(11, 128)
(11, 178)
(11, 204)
(11, 207)
(11, 236)
(11, 270)
(11, 343)
(11, 355)
(11, 366)
(11, 408)
(11, 438)
(11, 443)
(11, 473)
(11, 474)
(11, 511)
(11, 528)
(11, 562)
(11, 566)
(11, 570)
(11, 577)
(11, 589)
(11, 590)
(11, 592)
(11, 595)
(11, 597)
(11, 610)
(11, 613)
(11, 622)
(11, 632)
(11, 639)
(11, 645)
(11, 648)
(11, 663)
(12, 70)
(12, 85)
(12, 119)
(12, 138)
(12, 150)
(12, 151)
(12, 155)
(12, 157)
(12, 165)
(12, 192)
(12, 197)
(12, 212)
(12, 215)
(12, 231)
(12, 259)
(12, 272)
(12, 277)
(12, 282)
(12, 286)
(12, 302)
(12, 332)
(12, 348)
(12, 351)
(12, 357)
(12, 369)
(12, 374)
(12, 382)
(12, 389)
(12, 398)
(12, 447)
(12, 459)
(12, 460)
(12, 465)
(12, 469)
(12, 483)
(12, 486)
(12, 494)
(12, 496)
(12, 509)
(12, 516)
(12, 519)
(12, 523)
(12, 530)
(12, 538)
(12, 539)
(12, 545)
(12, 547)
(12, 551)
(12, 560)
(12, 572)
(12, 579)
(12, 583)
(12, 586)
(12, 593)
(12, 607)
(12, 608)
(12, 611)
(12, 617)
(12, 626)
(12, 633)
(12, 634)
(12, 640)
(12, 653)
(12, 659)
(12, 668)
(12, 669)
(12, 670)
(12, 678)
(12, 700)
(13, 90)
(13, 406)
(14, 61)
(14, 287)
(14, 292)
(14, 340)
(14, 400)
(14, 410)
(14, 457)
(14, 461)
(14, 479)
(14, 505)
(14, 565)
(14, 628)
(14, 651)
(14, 663)
(14, 705)
(14, 707)
(15, 100)
(15, 105)
(15, 151)
(15, 212)
(15, 231)
(15, 272)
(15, 281)
(15, 332)
(15, 351)
(15, 357)
(15, 399)
(15, 469)
(15, 494)
(15, 496)
(15, 509)
(15, 545)
(15, 604)
(15, 644)
(15, 706)
(16, 42)
(16, 62)
(16, 119)
(16, 138)
(16, 151)
(16, 197)
(16, 213)
(16, 215)
(16, 227)
(16, 248)
(16, 251)
(16, 255)
(16, 273)
(16, 282)
(16, 286)
(16, 296)
(16, 316)
(16, 319)
(16, 348)
(16, 369)
(16, 417)
(16, 423)
(16, 445)
(16, 458)
(16, 460)
(16, 469)
(16, 480)
(16, 492)
(16, 494)
(16, 545)
(16, 551)
(16, 554)
(16, 561)
(16, 579)
(16, 586)
(16, 600)
(16, 602)
(16, 608)
(16, 611)
(16, 616)
(16, 621)
(16, 626)
(16, 633)
(16, 635)
(16, 644)
(16, 657)
(16, 659)
(16, 684)
(16, 699)
(16, 702)
(16, 706)
(16, 708)
(16, 719)
(17, 31)
(17, 68)
(17, 99)
(17, 101)
(17, 120)
(17, 181)
(17, 194)
(17, 198)
(17, 281)
(17, 450)
(17, 453)
(17, 461)
(17, 491)
(17, 496)
(17, 509)
(17, 512)
(17, 553)
(17, 651)
(17, 653)
(17, 654)
(17, 706)
(17, 719)
(18, 39)
(18, 83)
(18, 150)
(18, 202)
(18, 226)
(18, 277)
(18, 282)
(18, 302)
(18, 320)
(18, 523)
(18, 547)
(18, 573)
(18, 579)
(18, 599)
(18, 611)
(18, 638)
(18, 655)
(18, 662)
(18, 678)
(18, 702)
(18, 710)
(19, 48)
(19, 87)
(19, 89)
(19, 115)
(19, 162)
(19, 188)
(19, 191)
(19, 208)
(19, 233)
(19, 234)
(19, 243)
(19, 246)
(19, 335)
(19, 336)
(19, 363)
(19, 367)
(19, 370)
(19, 380)
(19, 400)
(19, 401)
(19, 409)
(19, 411)
(19, 420)
(19, 426)
(19, 429)
(19, 430)
(19, 436)
(19, 451)
(19, 474)
(19, 478)
(19, 495)
(19, 503)
(19, 505)
(19, 507)
(19, 527)
(19, 528)
(19, 546)
(19, 555)
(19, 558)
(19, 562)
(19, 567)
(19, 577)
(19, 589)
(19, 597)
(19, 609)
(19, 632)
(19, 642)
(19, 646)
(19, 648)
(19, 652)
(19, 660)
(19, 661)
(19, 663)
(19, 667)
(19, 690)
(19, 698)
(19, 701)
(19, 707)
(19, 714)
(19, 715)
(19, 716)
(19, 722)
(19, 728)
(19, 734)
(20, 218)
(20, 292)
(20, 410)
(20, 470)
(20, 493)
(20, 565)
(20, 628)
(20, 658)
(20, 665)
(20, 692)
(21, 88)
(21, 187)
(21, 217)
(21, 276)
(21, 295)
(22, 80)
(22, 128)
(22, 191)
(22, 233)
(22, 408)
(22, 474)
(22, 505)
(22, 562)
(22, 577)
(23, 29)
(23, 49)
(23, 85)
(23, 100)
(23, 116)
(23, 151)
(23, 155)
(23, 231)
(23, 348)
(23, 369)
(23, 455)
(23, 496)
(23, 553)
(23, 726)
(24, 44)
(24, 96)
(25, 48)
(25, 61)
(25, 171)
(25, 193)
(25, 208)
(25, 242)
(25, 246)
(25, 287)
(25, 292)
(25, 293)
(25, 306)
(25, 321)
(25, 324)
(25, 327)
(25, 335)
(25, 345)
(25, 346)
(25, 400)
(25, 402)
(25, 410)
(25, 424)
(25, 426)
(25, 451)
(25, 461)
(25, 470)
(25, 478)
(25, 479)
(25, 484)
(25, 488)
(25, 495)
(25, 498)
(25, 500)
(25, 504)
(25, 505)
(25, 507)
(25, 510)
(25, 518)
(25, 527)
(25, 553)
(25, 558)
(25, 568)
(25, 609)
(25, 620)
(25, 628)
(25, 641)
(25, 651)
(25, 660)
(25, 661)
(25, 663)
(25, 665)
(25, 686)
(25, 690)
(25, 698)
(25, 701)
(25, 705)
(25, 722)
(25, 739)
(26, 91)
(26, 181)
(26, 184)
(26, 198)
(26, 211)
(26, 232)
(26, 266)
(26, 329)
(26, 330)
(26, 334)
(26, 353)
(26, 354)
(26, 359)
(26, 399)
(26, 405)
(26, 433)
(26, 440)
(26, 449)
(26, 453)
(26, 461)
(26, 484)
(26, 491)
(26, 496)
(26, 499)
(26, 500)
(26, 509)
(26, 512)
(26, 514)
(26, 517)
(26, 537)
(26, 540)
(26, 553)
(26, 574)
(26, 576)
(26, 604)
(26, 640)
(26, 651)
(26, 654)
(26, 659)
(26, 660)
(26, 664)
(26, 666)
(26, 686)
(26, 700)
(26, 701)
(26, 705)
(26, 712)
(26, 715)
(26, 719)
(26, 720)
(26, 721)
(26, 722)
(26, 726)
(26, 729)
(26, 735)
(26, 737)
(27, 205)
(27, 434)
(27, 563)
(27, 639)
(27, 649)
(29, 85)
(29, 100)
(29, 119)
(29, 151)
(29, 155)
(29, 197)
(29, 215)
(29, 231)
(29, 272)
(29, 286)
(29, 348)
(29, 357)
(29, 369)
(29, 389)
(29, 469)
(29, 494)
(29, 496)
(29, 509)
(29, 547)
(29, 644)
(29, 653)
(29, 710)
(29, 719)
(29, 726)
(29, 744)
(30, 627)
(31, 66)
(31, 152)
(31, 181)
(31, 196)
(31, 198)
(31, 237)
(31, 253)
(31, 281)
(31, 330)
(31, 353)
(31, 399)
(31, 453)
(31, 461)
(31, 491)
(31, 496)
(31, 509)
(31, 512)
(31, 518)
(31, 553)
(31, 651)
(31, 654)
(31, 686)
(31, 705)
(31, 706)
(31, 719)
(31, 726)
(31, 744)
(31, 749)
(31, 757)
(32, 144)
(32, 240)
(32, 287)
(32, 292)
(32, 317)
(32, 340)
(32, 400)
(32, 410)
(32, 457)
(32, 479)
(32, 518)
(32, 565)
(32, 628)
(32, 665)
(32, 705)
(32, 707)
(32, 749)
(33, 73)
(33, 268)
(33, 355)
(33, 367)
(33, 401)
(33, 408)
(33, 419)
(33, 420)
(33, 432)
(33, 443)
(33, 451)
(33, 462)
(33, 473)
(33, 474)
(33, 482)
(33, 488)
(33, 505)
(33, 511)
(33, 527)
(33, 528)
(33, 550)
(33, 562)
(33, 566)
(33, 584)
(33, 589)
(33, 590)
(33, 592)
(33, 596)
(33, 597)
(33, 613)
(33, 622)
(33, 632)
(33, 641)
(33, 642)
(33, 652)
(33, 661)
(33, 663)
(33, 714)
(33, 716)
(33, 718)
(33, 736)
(33, 743)
(33, 755)
(34, 52)
(34, 82)
(35, 493)
(35, 658)
(35, 692)
(37, 74)
(37, 99)
(37, 177)
(37, 181)
(37, 184)
(37, 211)
(37, 247)
(37, 308)
(37, 329)
(37, 330)
(37, 334)
(37, 353)
(37, 354)
(37, 357)
(37, 450)
(37, 453)
(37, 455)
(37, 491)
(37, 496)
(37, 509)
(37, 553)
(37, 583)
(37, 604)
(37, 651)
(37, 654)
(37, 660)
(37, 705)
(37, 706)
(37, 719)
(37, 726)
(37, 749)
(37, 756)
(38, 135)
(38, 161)
(38, 177)
(38, 293)
(38, 303)
(38, 321)
(38, 324)
(38, 325)
(38, 327)
(38, 330)
(38, 334)
(38, 335)
(38, 345)
(38, 346)
(38, 362)
(38, 400)
(38, 402)
(38, 411)
(38, 416)
(38, 422)
(38, 426)
(38, 429)
(38, 435)
(38, 436)
(38, 440)
(38, 457)
(38, 461)
(38, 476)
(38, 478)
(38, 484)
(38, 485)
(38, 488)
(38, 491)
(38, 495)
(38, 498)
(38, 500)
(38, 503)
(38, 505)
(38, 507)
(38, 510)
(38, 512)
(38, 527)
(38, 546)
(38, 553)
(38, 558)
(38, 567)
(38, 574)
(38, 584)
(38, 601)
(38, 609)
(38, 630)
(38, 634)
(38, 641)
(38, 648)
(38, 651)
(38, 654)
(38, 661)
(38, 686)
(38, 690)
(38, 698)
(38, 700)
(38, 701)
(38, 705)
(38, 707)
(38, 715)
(38, 722)
(38, 728)
(38, 734)
(38, 737)
(38, 742)
(38, 749)
(38, 756)
(38, 757)
(38, 765)
(38, 785)
(38, 786)
(39, 83)
(39, 226)
(39, 573)
(39, 662)
(39, 744)
(40, 59)
(40, 222)
(40, 239)
(40, 275)
(40, 407)
(40, 415)
(40, 468)
(40, 487)
(40, 493)
(40, 564)
(40, 582)
(40, 605)
(40, 658)
(40, 692)
(40, 771)
(40, 779)
(41, 73)
(41, 97)
(41, 204)
(41, 207)
(41, 262)
(41, 270)
(41, 366)
(41, 408)
(41, 438)
(41, 474)
(41, 562)
(41, 639)
(42, 62)
(42, 197)
(42, 215)
(42, 227)
(42, 251)
(42, 282)
(42, 286)
(42, 296)
(42, 316)
(42, 469)
(42, 492)
(42, 551)
(42, 579)
(42, 608)
(42, 611)
(42, 644)
(42, 706)
(42, 719)
(42, 741)
(42, 772)
(42, 799)
(43, 49)
(43, 112)
(43, 249)
(43, 251)
(43, 255)
(43, 286)
(43, 296)
(43, 316)
(43, 480)
(43, 494)
(43, 545)
(43, 551)
(43, 579)
(43, 600)
(43, 608)
(43, 616)
(43, 621)
(43, 644)
(43, 684)
(43, 706)
(43, 741)
(43, 772)
(44, 96)
(44, 121)
(44, 144)
(44, 190)
(44, 218)
(44, 235)
(44, 340)
(44, 344)
(44, 379)
(44, 387)
(44, 395)
(44, 407)
(44, 410)
(44, 414)
(44, 415)
(44, 421)
(44, 432)
(44, 448)
(44, 468)
(44, 470)
(44, 472)
(44, 493)
(44, 504)
(44, 513)
(44, 533)
(44, 564)
(44, 565)
(44, 578)
(44, 582)
(44, 605)
(44, 618)
(44, 628)
(44, 658)
(44, 665)
(44, 675)
(44, 692)
(44, 709)
(44, 732)
(44, 738)
(44, 739)
(44, 747)
(44, 755)
(44, 771)
(44, 779)
(44, 781)
(44, 787)
(44, 790)
(44, 795)
(45, 627)
(46, 98)
(46, 128)
(46, 146)
(46, 149)
(46, 204)
(46, 207)
(46, 262)
(46, 270)
(46, 408)
(46, 438)
(46, 474)
(46, 562)
(48, 87)
(48, 135)
(48, 171)
(48, 234)
(48, 246)
(48, 306)
(48, 380)
(48, 400)
(48, 451)
(48, 505)
(48, 641)
(48, 660)
(48, 663)
(48, 705)
(48, 707)
(48, 749)
(49, 119)
(49, 151)
(49, 155)
(49, 496)
(49, 757)
(50, 493)
(51, 114)
(51, 217)
(51, 220)
(51, 276)
(51, 295)
(51, 304)
(51, 305)
(51, 695)
(52, 82)
(52, 89)
(52, 219)
(53, 227)
(53, 406)
(53, 608)
(53, 699)
(53, 814)
(54, 64)
(54, 65)
(54, 68)
(54, 99)
(54, 116)
(54, 181)
(54, 194)
(54, 247)
(54, 281)
(54, 291)
(54, 330)
(54, 353)
(54, 357)
(54, 399)
(54, 450)
(54, 453)
(54, 455)
(54, 491)
(54, 496)
(54, 499)
(54, 508)
(54, 509)
(54, 512)
(54, 553)
(54, 571)
(54, 574)
(54, 604)
(54, 616)
(54, 654)
(54, 705)
(54, 706)
(54, 719)
(54, 726)
(54, 744)
(54, 757)
(55, 439)
(55, 541)
(55, 575)
(55, 602)
(55, 699)
(55, 762)
(55, 816)
(56, 161)
(57, 63)
(57, 112)
(57, 238)
(57, 241)
(57, 249)
(57, 255)
(57, 271)
(57, 319)
(57, 406)
(57, 480)
(57, 481)
(57, 492)
(57, 551)
(57, 600)
(57, 608)
(57, 616)
(57, 699)
(57, 741)
(57, 772)
(57, 814)
(57, 816)
(58, 112)
(58, 118)
(58, 176)
(58, 225)
(58, 227)
(58, 238)
(58, 241)
(58, 248)
(58, 249)
(58, 251)
(58, 255)
(58, 271)
(58, 286)
(58, 296)
(58, 309)
(58, 311)
(58, 316)
(58, 319)
(58, 356)
(58, 425)
(58, 427)
(58, 455)
(58, 458)
(58, 465)
(58, 466)
(58, 480)
(58, 481)
(58, 492)
(58, 494)
(58, 545)
(58, 551)
(58, 579)
(58, 581)
(58, 600)
(58, 608)
(58, 616)
(58, 621)
(58, 644)
(58, 657)
(58, 684)
(58, 706)
(58, 719)
(58, 724)
(58, 728)
(58, 741)
(58, 763)
(58, 776)
(58, 804)
(58, 814)
(58, 816)
(58, 824)
(59, 190)
(59, 218)
(59, 222)
(59, 235)
(59, 239)
(59, 275)
(59, 375)
(59, 407)
(59, 414)
(59, 415)
(59, 432)
(59, 448)
(59, 454)
(59, 468)
(59, 472)
(59, 487)
(59, 493)
(59, 520)
(59, 533)
(59, 564)
(59, 565)
(59, 578)
(59, 582)
(59, 605)
(59, 658)
(59, 692)
(59, 709)
(59, 771)
(59, 779)
(59, 787)
(59, 795)
(60, 209)
(60, 269)
(60, 573)
(60, 699)
(61, 171)
(61, 287)
(61, 292)
(61, 306)
(61, 312)
(61, 400)
(61, 410)
(61, 457)
(61, 479)
(61, 505)
(61, 510)
(61, 628)
(61, 651)
(61, 663)
(61, 665)
(61, 705)
(61, 707)
(61, 749)
(61, 787)
(61, 834)
(62, 197)
(62, 213)
(62, 215)
(62, 227)
(62, 248)
(62, 251)
(62, 273)
(62, 277)
(62, 282)
(62, 286)
(62, 296)
(62, 309)
(62, 316)
(62, 319)
(62, 369)
(62, 389)
(62, 417)
(62, 423)
(62, 431)
(62, 458)
(62, 460)
(62, 469)
(62, 480)
(62, 483)
(62, 492)
(62, 519)
(62, 523)
(62, 539)
(62, 545)
(62, 547)
(62, 551)
(62, 554)
(62, 561)
(62, 572)
(62, 579)
(62, 586)
(62, 593)
(62, 600)
(62, 608)
(62, 611)
(62, 616)
(62, 621)
(62, 626)
(62, 633)
(62, 635)
(62, 644)
(62, 657)
(62, 684)
(62, 699)
(62, 706)
(62, 708)
(62, 710)
(62, 711)
(62, 713)
(62, 719)
(62, 724)
(62, 740)
(62, 741)
(62, 746)
(62, 752)
(62, 762)
(62, 767)
(62, 768)
(62, 770)
(62, 772)
(62, 777)
(62, 780)
(62, 799)
(62, 804)
(62, 816)
(62, 817)
(63, 86)
(63, 227)
(63, 241)
(63, 249)
(63, 271)
(63, 406)
(63, 481)
(63, 506)
(63, 608)
(63, 699)
(63, 814)
(63, 824)
(64, 101)
(64, 120)
(64, 198)
(64, 237)
(64, 315)
(64, 348)
(64, 357)
(64, 369)
(64, 399)
(64, 433)
(64, 449)
(64, 450)
(64, 452)
(64, 453)
(64, 455)
(64, 459)
(64, 466)
(64, 491)
(64, 496)
(64, 499)
(64, 508)
(64, 509)
(64, 516)
(64, 517)
(64, 540)
(64, 571)
(64, 583)
(64, 586)
(64, 600)
(64, 604)
(64, 616)
(64, 651)
(64, 700)
(64, 706)
(64, 711)
(64, 712)
(64, 719)
(64, 729)
(64, 737)
(64, 744)
(64, 746)
(64, 752)
(64, 753)
(64, 757)
(64, 765)
(64, 768)
(64, 770)
(64, 797)
(64, 799)
(64, 804)
(64, 807)
(64, 810)
(64, 815)
(64, 817)
(64, 825)
(64, 832)
(64, 837)
(64, 839)
(64, 840)
(65, 170)
(65, 194)
(65, 247)
(65, 298)
(65, 308)
(65, 315)
(65, 329)
(65, 338)
(65, 354)
(65, 425)
(65, 450)
(65, 453)
(65, 455)
(65, 465)
(65, 466)
(65, 467)
(65, 486)
(65, 491)
(65, 494)
(65, 496)
(65, 509)
(65, 512)
(65, 545)
(65, 553)
(65, 571)
(65, 583)
(65, 586)
(65, 600)
(65, 604)
(65, 616)
(65, 659)
(65, 660)
(65, 706)
(65, 719)
(65, 726)
(65, 737)
(65, 742)
(65, 752)
(65, 756)
(65, 757)
(65, 765)
(65, 767)
(65, 780)
(65, 804)
(65, 839)
(66, 181)
(66, 461)
(66, 496)
(66, 553)
(66, 604)
(66, 765)
(67, 185)
(67, 310)
(67, 378)
(67, 522)
(67, 673)
(67, 733)
(67, 769)
(67, 821)
(67, 842)
(67, 858)
(68, 116)
(68, 120)
(68, 281)
(68, 357)
(68, 399)
(68, 453)
(68, 491)
(68, 496)
(68, 509)
(68, 604)
(68, 653)
(68, 706)
(68, 719)
(68, 726)
(68, 744)
(68, 757)
(68, 765)
(68, 840)
(69, 238)
(69, 248)
(69, 249)
(69, 255)
(69, 309)
(69, 417)
(69, 425)
(69, 452)
(69, 455)
(69, 460)
(69, 465)
(69, 466)
(69, 483)
(69, 494)
(69, 545)
(69, 551)
(69, 554)
(69, 586)
(69, 593)
(69, 600)
(69, 603)
(69, 607)
(69, 608)
(69, 616)
(69, 633)
(69, 644)
(69, 657)
(69, 659)
(69, 684)
(69, 706)
(69, 708)
(69, 710)
(69, 711)
(69, 713)
(69, 719)
(69, 724)
(69, 741)
(69, 746)
(69, 750)
(69, 752)
(69, 757)
(69, 759)
(69, 767)
(69, 768)
(69, 770)
(69, 772)
(69, 775)
(69, 780)
(69, 789)
(69, 797)
(69, 804)
(69, 814)
(69, 816)
(69, 817)
(69, 822)
(69, 829)
(69, 832)
(69, 839)
(69, 846)
(69, 851)
(69, 879)
(70, 138)
(70, 150)
(70, 192)
(70, 226)
(70, 277)
(70, 282)
(70, 302)
(70, 460)
(70, 519)
(70, 523)
(70, 530)
(70, 579)
(70, 586)
(70, 608)
(70, 611)
(70, 617)
(70, 626)
(70, 638)
(70, 644)
(70, 678)
(70, 702)
(70, 706)
(70, 708)
(70, 710)
(70, 725)
(70, 744)
(70, 746)
(70, 752)
(70, 759)
(70, 767)
(70, 768)
(70, 780)
(70, 804)
(70, 814)
(70, 815)
(70, 829)
(70, 830)
(70, 844)
(70, 851)
(70, 853)
(70, 879)
(71, 118)
(71, 176)
(71, 224)
(71, 225)
(71, 238)
(71, 241)
(71, 248)
(71, 249)
(71, 255)
(71, 271)
(71, 311)
(71, 356)
(71, 417)
(71, 425)
(71, 427)
(71, 431)
(71, 445)
(71, 452)
(71, 455)
(71, 465)
(71, 466)
(71, 467)
(71, 471)
(71, 475)
(71, 481)
(71, 506)
(71, 508)
(71, 554)
(71, 555)
(71, 571)
(71, 581)
(71, 593)
(71, 600)
(71, 603)
(71, 607)
(71, 616)
(71, 621)
(71, 633)
(71, 657)
(71, 684)
(71, 700)
(71, 711)
(71, 713)
(71, 724)
(71, 728)
(71, 741)
(71, 763)
(71, 770)
(71, 772)
(71, 775)
(71, 776)
(71, 777)
(71, 789)
(71, 797)
(71, 799)
(71, 803)
(71, 814)
(71, 816)
(71, 817)
(71, 822)
(71, 824)
(71, 828)
(71, 829)
(71, 832)
(71, 838)
(71, 839)
(71, 843)
(71, 846)
(71, 879)
(71, 886)
(73, 97)
(73, 128)
(73, 159)
(73, 178)
(73, 204)
(73, 207)
(73, 236)
(73, 268)
(73, 270)
(73, 314)
(73, 343)
(73, 355)
(73, 361)
(73, 366)
(73, 408)
(73, 419)
(73, 438)
(73, 443)
(73, 463)
(73, 473)
(73, 474)
(73, 482)
(73, 511)
(73, 528)
(73, 550)
(73, 566)
(73, 570)
(73, 577)
(73, 580)
(73, 589)
(73, 590)
(73, 592)
(73, 595)
(73, 596)
(73, 610)
(73, 613)
(73, 622)
(73, 625)
(73, 632)
(73, 639)
(73, 642)
(73, 645)
(73, 652)
(73, 663)
(73, 679)
(73, 704)
(73, 714)
(73, 716)
(73, 718)
(73, 732)
(73, 736)
(73, 743)
(73, 760)
(73, 795)
(73, 805)
(73, 806)
(73, 808)
(73, 813)
(73, 819)
(73, 823)
(73, 835)
(73, 856)
(73, 866)
(73, 867)
(73, 868)
(73, 871)
(73, 875)
(74, 108)
(74, 122)
(74, 153)
(74, 177)
(74, 183)
(74, 184)
(74, 194)
(74, 201)
(74, 216)
(74, 223)
(74, 247)
(74, 289)
(74, 293)
(74, 303)
(74, 308)
(74, 318)
(74, 329)
(74, 330)
(74, 334)
(74, 346)
(74, 353)
(74, 354)
(74, 359)
(74, 364)
(74, 370)
(74, 373)
(74, 385)
(74, 392)
(74, 416)
(74, 418)
(74, 422)
(74, 429)
(74, 430)
(74, 433)
(74, 435)
(74, 436)
(74, 440)
(74, 441)
(74, 450)
(74, 453)
(74, 467)
(74, 484)
(74, 485)
(74, 491)
(74, 495)
(74, 496)
(74, 498)
(74, 499)
(74, 500)
(74, 502)
(74, 503)
(74, 508)
(74, 509)
(74, 512)
(74, 514)
(74, 515)
(74, 517)
(74, 525)
(74, 529)
(74, 532)
(74, 534)
(74, 544)
(74, 546)
(74, 552)
(74, 553)
(74, 555)
(74, 558)
(74, 569)
(74, 571)
(74, 576)
(74, 583)
(74, 601)
(74, 609)
(74, 624)
(74, 630)
(74, 634)
(74, 643)
(74, 651)
(74, 654)
(74, 659)
(74, 660)
(74, 661)
(74, 666)
(74, 671)
(74, 672)
(74, 681)
(74, 682)
(74, 687)
(74, 689)
(74, 691)
(74, 693)
(74, 694)
(74, 697)
(74, 698)
(74, 700)
(74, 701)
(74, 705)
(74, 706)
(74, 711)
(74, 712)
(74, 715)
(74, 717)
(74, 719)
(74, 720)
(74, 722)
(74, 726)
(74, 728)
(74, 729)
(74, 731)
(74, 734)
(74, 737)
(74, 742)
(74, 745)
(74, 749)
(74, 752)
(74, 753)
(74, 756)
(74, 757)
(74, 758)
(74, 765)
(74, 768)
(74, 770)
(74, 785)
(74, 786)
(74, 788)
(74, 793)
(74, 794)
(74, 796)
(74, 797)
(74, 799)
(74, 800)
(74, 801)
(74, 803)
(74, 805)
(74, 807)
(74, 810)
(74, 812)
(74, 817)
(74, 825)
(74, 828)
(74, 832)
(74, 833)
(74, 837)
(74, 838)
(74, 839)
(74, 840)
(74, 841)
(74, 843)
(74, 846)
(74, 849)
(74, 854)
(74, 859)
(74, 860)
(74, 862)
(74, 863)
(74, 869)
(74, 871)
(74, 873)
(74, 876)
(74, 877)
(74, 879)
(74, 880)
(74, 884)
(74, 885)
(74, 887)
(74, 890)
(74, 892)
(74, 893)
(75, 82)
(75, 92)
(75, 110)
(75, 163)
(75, 189)
(75, 214)
(75, 219)
(75, 224)
(75, 229)
(75, 234)
(75, 243)
(75, 252)
(75, 258)
(75, 303)
(75, 313)
(75, 336)
(75, 370)
(75, 377)
(75, 380)
(75, 404)
(75, 409)
(75, 411)
(75, 418)
(75, 429)
(75, 430)
(75, 435)
(75, 436)
(75, 475)
(75, 488)
(75, 503)
(75, 506)
(75, 507)
(75, 532)
(75, 546)
(75, 548)
(75, 552)
(75, 555)
(75, 557)
(75, 558)
(75, 567)
(75, 569)
(75, 581)
(75, 600)
(75, 601)
(75, 624)
(75, 630)
(75, 631)
(75, 641)
(75, 643)
(75, 646)
(75, 648)
(75, 652)
(75, 660)
(75, 664)
(75, 667)
(75, 671)
(75, 681)
(75, 682)
(75, 683)
(75, 690)
(75, 699)
(75, 714)
(75, 715)
(75, 716)
(75, 720)
(75, 721)
(75, 734)
(75, 735)
(75, 742)
(75, 745)
(75, 750)
(75, 756)
(75, 760)
(75, 775)
(75, 776)
(75, 777)
(75, 785)
(75, 796)
(75, 797)
(75, 801)
(75, 802)
(75, 811)
(75, 813)
(75, 819)
(75, 822)
(75, 823)
(75, 824)
(75, 828)
(75, 832)
(75, 833)
(75, 838)
(75, 841)
(75, 846)
(75, 849)
(75, 850)
(75, 854)
(75, 856)
(75, 866)
(75, 867)
(75, 868)
(75, 869)
(75, 872)
(75, 873)
(75, 886)
(75, 892)
(75, 894)
(76, 93)
(76, 465)
(76, 494)
(76, 496)
(76, 509)
(76, 516)
(76, 545)
(76, 583)
(76, 616)
(76, 634)
(76, 659)
(76, 706)
(76, 719)
(76, 752)
(76, 757)
(76, 799)
(76, 814)
(76, 815)
(76, 817)
(76, 837)
(76, 839)
(76, 876)
(76, 879)
(78, 155)
(78, 348)
(78, 357)
(78, 369)
(78, 417)
(78, 452)
(78, 459)
(78, 465)
(78, 466)
(78, 483)
(78, 494)
(78, 496)
(78, 509)
(78, 516)
(78, 545)
(78, 572)
(78, 583)
(78, 586)
(78, 593)
(78, 600)
(78, 607)
(78, 608)
(78, 616)
(78, 633)
(78, 634)
(78, 640)
(78, 659)
(78, 669)
(78, 684)
(78, 700)
(78, 706)
(78, 708)
(78, 711)
(78, 713)
(78, 719)
(78, 724)
(78, 740)
(78, 746)
(78, 748)
(78, 750)
(78, 751)
(78, 752)
(78, 753)
(78, 757)
(78, 759)
(78, 767)
(78, 768)
(78, 770)
(78, 772)
(78, 773)
(78, 777)
(78, 778)
(78, 780)
(78, 797)
(78, 799)
(78, 804)
(78, 814)
(78, 815)
(78, 817)
(78, 829)
(78, 832)
(78, 837)
(78, 839)
(78, 847)
(78, 848)
(78, 851)
(78, 862)
(78, 864)
(78, 879)
(78, 886)
(78, 887)
(79, 134)
(79, 314)
(79, 347)
(79, 390)
(79, 463)
(79, 511)
(79, 563)
(79, 566)
(79, 580)
(79, 590)
(79, 591)
(79, 596)
(79, 613)
(79, 622)
(79, 625)
(79, 639)
(79, 649)
(79, 675)
(79, 679)
(79, 692)
(79, 704)
(79, 718)
(79, 723)
(79, 736)
(79, 743)
(79, 835)
(79, 881)
(80, 115)
(80, 126)
(80, 128)
(80, 191)
(80, 207)
(80, 233)
(80, 246)
(80, 343)
(80, 355)
(80, 363)
(80, 367)
(80, 380)
(80, 401)
(80, 403)
(80, 408)
(80, 420)
(80, 443)
(80, 451)
(80, 473)
(80, 474)
(80, 482)
(80, 488)
(80, 505)
(80, 511)
(80, 527)
(80, 528)
(80, 562)
(80, 566)
(80, 577)
(80, 584)
(80, 589)
(80, 590)
(80, 592)
(80, 597)
(80, 612)
(80, 613)
(80, 622)
(80, 632)
(80, 641)
(80, 642)
(80, 646)
(80, 652)
(80, 661)
(80, 663)
(80, 665)
(80, 690)
(80, 714)
(80, 716)
(80, 728)
(80, 736)
(80, 743)
(80, 755)
(80, 781)
(80, 785)
(80, 786)
(80, 790)
(80, 801)
(80, 805)
(80, 809)
(80, 813)
(80, 833)
(80, 835)
(80, 854)
(80, 856)
(80, 875)
(81, 95)
(82, 189)
(82, 201)
(82, 214)
(82, 219)
(82, 229)
(82, 234)
(82, 243)
(82, 244)
(82, 252)
(82, 336)
(82, 370)
(82, 404)
(82, 409)
(82, 411)
(82, 425)
(82, 430)
(82, 455)
(82, 467)
(82, 507)
(82, 555)
(82, 557)
(82, 567)
(82, 600)
(82, 641)
(82, 646)
(82, 648)
(82, 660)
(82, 683)
(82, 690)
(82, 728)
(82, 742)
(82, 756)
(82, 760)
(82, 776)
(82, 785)
(82, 801)
(82, 813)
(82, 824)
(82, 840)
(82, 846)
(82, 856)
(82, 866)
(82, 867)
(82, 873)
(82, 901)
(83, 226)
(83, 277)
(83, 523)
(83, 573)
(83, 579)
(83, 599)
(83, 662)
(83, 725)
(83, 814)
(84, 140)
(84, 195)
(84, 242)
(84, 253)
(84, 283)
(84, 294)
(84, 321)
(84, 327)
(84, 328)
(84, 342)
(84, 345)
(84, 353)
(84, 364)
(84, 386)
(84, 400)
(84, 405)
(84, 424)
(84, 449)
(84, 457)
(84, 461)
(84, 476)
(84, 479)
(84, 484)
(84, 498)
(84, 500)
(84, 518)
(84, 568)
(84, 585)
(84, 620)
(84, 651)
(84, 661)
(84, 666)
(84, 672)
(84, 686)
(84, 687)
(84, 693)
(84, 701)
(84, 705)
(84, 707)
(84, 712)
(84, 715)
(84, 717)
(84, 722)
(84, 731)
(84, 737)
(84, 739)
(84, 747)
(84, 749)
(84, 765)
(84, 781)
(84, 786)
(84, 790)
(84, 794)
(84, 800)
(84, 805)
(84, 809)
(84, 810)
(84, 825)
(84, 834)
(84, 840)
(84, 857)
(84, 860)
(84, 863)
(84, 880)
(84, 891)
(84, 894)
(84, 900)
(85, 93)
(85, 100)
(85, 116)
(85, 119)
(85, 136)
(85, 142)
(85, 151)
(85, 155)
(85, 212)
(85, 231)
(85, 247)
(85, 272)
(85, 315)
(85, 332)
(85, 337)
(85, 348)
(85, 357)
(85, 369)
(85, 425)
(85, 427)
(85, 447)
(85, 450)
(85, 452)
(85, 455)
(85, 459)
(85, 465)
(85, 466)
(85, 467)
(85, 469)
(85, 471)
(85, 491)
(85, 494)
(85, 496)
(85, 499)
(85, 508)
(85, 509)
(85, 512)
(85, 516)
(85, 519)
(85, 530)
(85, 538)
(85, 545)
(85, 560)
(85, 571)
(85, 574)
(85, 576)
(85, 583)
(85, 586)
(85, 600)
(85, 607)
(85, 611)
(85, 616)
(85, 633)
(85, 634)
(85, 640)
(85, 644)
(85, 653)
(85, 657)
(85, 659)
(85, 700)
(85, 702)
(85, 706)
(85, 708)
(85, 710)
(85, 711)
(85, 719)
(85, 721)
(85, 726)
(85, 737)
(85, 740)
(85, 744)
(85, 746)
(85, 748)
(85, 753)
(85, 757)
(85, 765)
(85, 767)
(85, 770)
(85, 773)
(85, 777)
(85, 780)
(85, 784)
(85, 793)
(85, 797)
(85, 804)
(85, 814)
(85, 815)
(85, 829)
(85, 832)
(85, 837)
(85, 846)
(85, 847)
(85, 848)
(85, 851)
(85, 857)
(85, 859)
(85, 862)
(85, 864)
(85, 873)
(85, 879)
(85, 886)
(85, 887)
(85, 892)
(85, 894)
(85, 897)
(85, 899)
(85, 901)
(86, 112)
(86, 154)
(86, 168)
(86, 238)
(86, 241)
(86, 248)
(86, 249)
(86, 255)
(86, 271)
(86, 290)
(86, 319)
(86, 323)
(86, 388)
(86, 406)
(86, 417)
(86, 445)
(86, 455)
(86, 458)
(86, 480)
(86, 481)
(86, 551)
(86, 554)
(86, 581)
(86, 600)
(86, 602)
(86, 603)
(86, 608)
(86, 616)
(86, 621)
(86, 633)
(86, 635)
(86, 657)
(86, 699)
(86, 741)
(86, 762)
(86, 763)
(86, 772)
(86, 775)
(86, 776)
(86, 777)
(86, 789)
(86, 814)
(86, 816)
(86, 822)
(86, 824)
(86, 829)
(86, 838)
(86, 839)
(86, 846)
(86, 901)
(86, 902)
(87, 109)
(87, 115)
(87, 124)
(87, 125)
(87, 162)
(87, 164)
(87, 174)
(87, 191)
(87, 233)
(87, 367)
(87, 380)
(87, 401)
(87, 451)
(87, 505)
(87, 567)
(87, 577)
(87, 641)
(87, 646)
(87, 663)
(87, 707)
(88, 187)
(88, 217)
(88, 220)
(88, 276)
(88, 295)
(88, 304)
(88, 305)
(88, 501)
(88, 559)
(88, 696)
(88, 836)
(91, 177)
(91, 181)
(91, 184)
(91, 198)
(91, 211)
(91, 232)
(91, 308)
(91, 330)
(91, 334)
(91, 353)
(91, 354)
(91, 359)
(91, 399)
(91, 453)
(91, 484)
(91, 491)
(91, 496)
(91, 500)
(91, 509)
(91, 512)
(91, 553)
(91, 574)
(91, 604)
(91, 651)
(91, 654)
(91, 659)
(91, 686)
(91, 701)
(91, 705)
(91, 722)
(91, 726)
(91, 737)
(91, 749)
(91, 753)
(91, 756)
(91, 757)
(91, 765)
(91, 793)
(91, 810)
(91, 815)
(91, 825)
(91, 837)
(91, 840)
(91, 857)
(91, 873)
(91, 904)
(91, 905)
(92, 163)
(92, 189)
(92, 214)
(92, 219)
(92, 224)
(92, 229)
(92, 252)
(92, 303)
(92, 313)
(92, 411)
(92, 430)
(92, 475)
(92, 481)
(92, 503)
(92, 506)
(92, 555)
(92, 567)
(92, 600)
(92, 631)
(92, 646)
(92, 648)
(92, 690)
(92, 728)
(92, 742)
(92, 756)
(92, 776)
(92, 803)
(92, 824)
(92, 873)
(92, 892)
(93, 136)
(93, 155)
(93, 157)
(93, 249)
(93, 337)
(93, 348)
(93, 356)
(93, 357)
(93, 369)
(93, 425)
(93, 450)
(93, 455)
(93, 459)
(93, 465)
(93, 466)
(93, 471)
(93, 483)
(93, 494)
(93, 496)
(93, 499)
(93, 508)
(93, 509)
(93, 516)
(93, 545)
(93, 554)
(93, 571)
(93, 581)
(93, 583)
(93, 586)
(93, 593)
(93, 600)
(93, 607)
(93, 616)
(93, 633)
(93, 634)
(93, 657)
(93, 659)
(93, 700)
(93, 706)
(93, 708)
(93, 711)
(93, 713)
(93, 719)
(93, 724)
(93, 737)
(93, 740)
(93, 746)
(93, 750)
(93, 752)
(93, 753)
(93, 757)
(93, 759)
(93, 761)
(93, 765)
(93, 767)
(93, 768)
(93, 770)
(93, 772)
(93, 773)
(93, 776)
(93, 777)
(93, 778)
(93, 780)
(93, 782)
(93, 784)
(93, 797)
(93, 799)
(93, 804)
(93, 814)
(93, 815)
(93, 817)
(93, 822)
(93, 828)
(93, 829)
(93, 832)
(93, 837)
(93, 839)
(93, 843)
(93, 846)
(93, 847)
(93, 848)
(93, 851)
(93, 862)
(93, 876)
(93, 879)
(93, 886)
(93, 897)
(93, 898)
(93, 899)
(93, 901)
(93, 907)
(93, 916)
(94, 293)
(94, 321)
(94, 327)
(94, 328)
(94, 330)
(94, 334)
(94, 345)
(94, 346)
(94, 362)
(94, 385)
(94, 429)
(94, 435)
(94, 436)
(94, 440)
(94, 457)
(94, 461)
(94, 464)
(94, 476)
(94, 484)
(94, 491)
(94, 495)
(94, 498)
(94, 500)
(94, 507)
(94, 510)
(94, 512)
(94, 514)
(94, 517)
(94, 546)
(94, 552)
(94, 553)
(94, 556)
(94, 558)
(94, 574)
(94, 576)
(94, 585)
(94, 609)
(94, 630)
(94, 651)
(94, 654)
(94, 660)
(94, 661)
(94, 666)
(94, 686)
(94, 691)
(94, 698)
(94, 701)
(94, 705)
(94, 707)
(94, 715)
(94, 721)
(94, 722)
(94, 731)
(94, 734)
(94, 737)
(94, 742)
(94, 745)
(94, 749)
(94, 756)
(94, 757)
(94, 765)
(94, 785)
(94, 786)
(94, 794)
(94, 796)
(94, 800)
(94, 801)
(94, 805)
(94, 810)
(94, 825)
(94, 833)
(94, 840)
(94, 841)
(94, 854)
(94, 857)
(94, 865)
(94, 871)
(94, 873)
(94, 891)
(94, 892)
(94, 896)
(94, 897)
(94, 900)
(94, 904)
(94, 905)
(94, 907)
(94, 908)
(94, 909)
(94, 920)
(95, 524)
(95, 559)
(95, 688)
(95, 695)
(95, 696)
(95, 827)
(95, 836)
(95, 852)
(95, 870)
(96, 121)
(96, 190)
(96, 218)
(96, 235)
(96, 317)
(96, 340)
(96, 379)
(96, 387)
(96, 410)
(96, 415)
(96, 432)
(96, 470)
(96, 493)
(96, 504)
(96, 564)
(96, 565)
(96, 605)
(96, 628)
(96, 658)
(96, 665)
(96, 692)
(96, 709)
(96, 739)
(96, 747)
(96, 755)
(96, 771)
(96, 779)
(96, 781)
(96, 787)
(96, 790)
(96, 809)
(96, 834)
(97, 128)
(97, 149)
(97, 207)
(97, 270)
(97, 343)
(97, 408)
(97, 428)
(97, 438)
(97, 473)
(97, 474)
(97, 562)
(97, 566)
(97, 577)
(97, 639)
(97, 645)
(97, 646)
(98, 146)
(98, 149)
(98, 204)
(98, 236)
(98, 262)
(98, 268)
(98, 270)
(98, 343)
(98, 355)
(98, 361)
(98, 366)
(98, 408)
(98, 438)
(98, 443)
(98, 463)
(98, 473)
(98, 474)
(98, 482)
(98, 511)
(98, 528)
(98, 557)
(98, 562)
(98, 570)
(98, 577)
(98, 580)
(98, 589)
(98, 590)
(98, 592)
(98, 595)
(98, 597)
(98, 610)
(98, 612)
(98, 613)
(98, 622)
(98, 625)
(98, 632)
(98, 639)
(98, 642)
(98, 645)
(98, 646)
(98, 648)
(98, 652)
(98, 663)
(98, 667)
(98, 675)
(98, 704)
(98, 714)
(98, 736)
(98, 743)
(98, 755)
(98, 760)
(98, 806)
(98, 813)
(98, 835)
(98, 838)
(98, 856)
(98, 868)
(98, 875)
(98, 881)
(98, 895)
(98, 913)
(98, 922)
(98, 923)
(98, 928)
(99, 181)
(99, 194)
(99, 198)
(99, 247)
(99, 266)
(99, 308)
(99, 329)
(99, 353)
(99, 354)
(99, 450)
(99, 453)
(99, 491)
(99, 496)
(99, 499)
(99, 508)
(99, 509)
(99, 512)
(99, 553)
(99, 571)
(99, 574)
(99, 583)
(99, 604)
(99, 654)
(99, 660)
(99, 700)
(99, 706)
(99, 719)
(99, 726)
(99, 757)
(99, 765)
(99, 797)
(99, 840)
(99, 897)
(99, 904)
(99, 907)
(99, 921)
(100, 116)
(100, 119)
(100, 151)
(100, 197)
(100, 215)
(100, 231)
(100, 286)
(100, 348)
(100, 369)
(100, 389)
(100, 608)
(100, 653)
(100, 706)
(100, 744)
(100, 757)
(100, 814)
(100, 917)
(101, 120)
(101, 196)
(101, 237)
(101, 509)
(101, 604)
(101, 726)
(101, 744)
(101, 765)
(101, 840)
(102, 106)
(102, 118)
(102, 141)
(102, 158)
(102, 201)
(102, 214)
(102, 219)
(102, 224)
(102, 225)
(102, 241)
(102, 244)
(102, 252)
(102, 289)
(102, 298)
(102, 311)
(102, 313)
(102, 326)
(102, 338)
(102, 356)
(102, 370)
(102, 392)
(102, 425)
(102, 427)
(102, 430)
(102, 450)
(102, 455)
(102, 465)
(102, 466)
(102, 467)
(102, 481)
(102, 491)
(102, 496)
(102, 503)
(102, 508)
(102, 509)
(102, 512)
(102, 554)
(102, 555)
(102, 557)
(102, 567)
(102, 571)
(102, 574)
(102, 581)
(102, 600)
(102, 603)
(102, 607)
(102, 616)
(102, 633)
(102, 657)
(102, 659)
(102, 690)
(102, 700)
(102, 711)
(102, 724)
(102, 728)
(102, 734)
(102, 737)
(102, 742)
(102, 756)
(102, 757)
(102, 765)
(102, 770)
(102, 775)
(102, 776)
(102, 777)
(102, 785)
(102, 796)
(102, 801)
(102, 803)
(102, 814)
(102, 817)
(102, 822)
(102, 824)
(102, 829)
(102, 838)
(102, 839)
(102, 854)
(102, 857)
(102, 873)
(102, 892)
(102, 897)
(102, 898)
(102, 899)
(102, 901)
(102, 907)
(102, 913)
(102, 916)
(102, 917)
(102, 923)
(102, 925)
(102, 926)
(102, 928)
(102, 929)
(102, 930)
(102, 935)
(103, 136)
(103, 142)
(103, 155)
(103, 315)
(103, 337)
(103, 455)
(103, 496)
(103, 509)
(103, 616)
(103, 706)
(103, 719)
(103, 757)
(103, 765)
(103, 814)
(103, 829)
(103, 917)
(104, 146)
(104, 149)
(104, 204)
(104, 262)
(104, 270)
(104, 343)
(104, 366)
(104, 438)
(104, 570)
(104, 577)
(104, 592)
(104, 613)
(104, 625)
(104, 639)
(104, 646)
(104, 736)
(105, 263)
(105, 351)
(105, 357)
(105, 374)
(105, 382)
(105, 399)
(105, 537)
(105, 604)
(105, 706)
(105, 719)
(105, 726)
(105, 752)
(105, 753)
(105, 793)
(105, 876)
(105, 879)
(105, 893)
(106, 118)
(106, 176)
(106, 224)
(106, 225)
(106, 311)
(107, 241)
(107, 261)
(107, 271)
(107, 290)
(107, 323)
(107, 388)
(107, 481)
(107, 506)
(107, 581)
(107, 598)
(107, 600)
(107, 603)
(107, 621)
(107, 631)
(107, 646)
(107, 655)
(107, 662)
(107, 684)
(107, 699)
(107, 713)
(107, 724)
(107, 730)
(107, 740)
(107, 750)
(107, 761)
(107, 762)
(107, 763)
(107, 773)
(107, 777)
(107, 789)
(107, 803)
(107, 816)
(107, 819)
(107, 822)
(107, 838)
(107, 845)
(107, 866)
(107, 868)
(107, 872)
(107, 898)
(107, 911)
(107, 914)
(107, 916)
(107, 917)
(107, 919)
(107, 925)
(107, 934)
(107, 939)
(107, 946)
(107, 953)
(108, 153)
(108, 158)
(108, 161)
(108, 183)
(108, 188)
(108, 201)
(108, 214)
(108, 219)
(108, 223)
(108, 234)
(108, 244)
(108, 252)
(108, 289)
(108, 303)
(108, 307)
(108, 325)
(108, 326)
(108, 329)
(108, 330)
(108, 338)
(108, 370)
(108, 392)
(108, 409)
(108, 411)
(108, 416)
(108, 418)
(108, 422)
(108, 425)
(108, 426)
(108, 429)
(108, 430)
(108, 435)
(108, 436)
(108, 440)
(108, 450)
(108, 455)
(108, 467)
(108, 478)
(108, 485)
(108, 488)
(108, 499)
(108, 502)
(108, 503)
(108, 507)
(108, 508)
(108, 546)
(108, 548)
(108, 552)
(108, 553)
(108, 555)
(108, 557)
(108, 558)
(108, 567)
(108, 571)
(108, 574)
(108, 600)
(108, 616)
(108, 630)
(108, 631)
(108, 641)
(108, 648)
(108, 651)
(108, 654)
(108, 660)
(108, 666)
(108, 683)
(108, 690)
(108, 693)
(108, 694)
(108, 698)
(108, 700)
(108, 711)
(108, 715)
(108, 717)
(108, 728)
(108, 731)
(108, 734)
(108, 745)
(108, 756)
(108, 757)
(108, 776)
(108, 782)
(108, 785)
(108, 786)
(108, 794)
(108, 796)
(108, 797)
(108, 801)
(108, 803)
(108, 805)
(108, 810)
(108, 813)
(108, 817)
(108, 824)
(108, 828)
(108, 832)
(108, 833)
(108, 838)
(108, 839)
(108, 840)
(108, 843)
(108, 846)
(108, 854)
(108, 857)
(108, 862)
(108, 863)
(108, 866)
(108, 868)
(108, 869)
(108, 871)
(108, 880)
(108, 886)
(108, 892)
(108, 897)
(108, 899)
(108, 901)
(108, 903)
(108, 904)
(108, 907)
(108, 908)
(108, 913)
(108, 918)
(108, 920)
(108, 921)
(108, 922)
(108, 923)
(108, 928)
(108, 930)
(108, 940)
(108, 942)
(108, 947)
(108, 950)
(108, 952)
(108, 953)
(108, 958)
(109, 233)
(109, 234)
(109, 243)
(109, 246)
(109, 335)
(109, 336)
(109, 363)
(109, 367)
(109, 370)
(109, 380)
(109, 401)
(109, 404)
(109, 409)
(109, 411)
(109, 420)
(109, 426)
(109, 428)
(109, 430)
(109, 436)
(109, 451)
(109, 474)
(109, 478)
(109, 488)
(109, 503)
(109, 505)
(109, 507)
(109, 546)
(109, 548)
(109, 552)
(109, 555)
(109, 557)
(109, 558)
(109, 567)
(109, 584)
(109, 609)
(109, 624)
(109, 632)
(109, 641)
(109, 642)
(109, 648)
(109, 652)
(109, 660)
(109, 661)
(109, 663)
(109, 667)
(109, 690)
(109, 698)
(109, 714)
(109, 715)
(109, 716)
(109, 728)
(109, 731)
(109, 734)
(109, 742)
(109, 745)
(109, 760)
(109, 785)
(109, 786)
(109, 794)
(109, 796)
(109, 801)
(109, 803)
(109, 805)
(109, 806)
(109, 813)
(109, 819)
(109, 823)
(109, 828)
(109, 832)
(109, 833)
(109, 846)
(109, 854)
(109, 856)
(109, 866)
(109, 868)
(109, 871)
(109, 873)
(109, 909)
(109, 920)
(109, 921)
(109, 922)
(109, 923)
(109, 926)
(109, 928)
(109, 930)
(109, 935)
(109, 950)
(109, 953)
(109, 954)
(109, 958)
(109, 959)
(109, 965)
(110, 125)
(110, 174)
(110, 182)
(110, 189)
(110, 229)
(110, 234)
(110, 243)
(110, 258)
(110, 336)
(110, 377)
(110, 380)
(110, 403)
(110, 404)
(110, 409)
(110, 411)
(110, 428)
(110, 430)
(110, 488)
(110, 507)
(110, 546)
(110, 550)
(110, 552)
(110, 555)
(110, 557)
(110, 558)
(110, 567)
(110, 569)
(110, 577)
(110, 584)
(110, 624)
(110, 630)
(110, 631)
(110, 641)
(110, 646)
(110, 652)
(110, 660)
(110, 667)
(110, 683)
(110, 690)
(110, 714)
(110, 716)
(110, 728)
(110, 734)
(110, 742)
(110, 745)
(110, 776)
(110, 785)
(110, 794)
(110, 796)
(110, 801)
(110, 803)
(110, 813)
(110, 819)
(110, 823)
(110, 824)
(110, 828)
(110, 833)
(110, 838)
(110, 849)
(110, 854)
(110, 856)
(110, 873)
(110, 875)
(110, 913)
(110, 921)
(110, 922)
(110, 923)
(110, 926)
(110, 928)
(110, 930)
(110, 935)
(110, 950)
(110, 953)
(110, 954)
(110, 959)
(111, 150)
(112, 154)
(112, 248)
(112, 255)
(112, 271)
(112, 309)
(112, 319)
(112, 481)
(112, 608)
(112, 814)
(114, 220)
(114, 304)
(114, 305)
(115, 124)
(115, 126)
(115, 162)
(115, 164)
(115, 191)
(115, 233)
(115, 234)
(115, 243)
(115, 246)
(115, 336)
(115, 363)
(115, 367)
(115, 380)
(115, 401)
(115, 411)
(115, 426)
(115, 451)
(115, 474)
(115, 478)
(115, 505)
(115, 507)
(115, 562)
(115, 567)
(115, 577)
(115, 597)
(115, 641)
(115, 646)
(115, 648)
(115, 660)
(115, 663)
(115, 690)
(115, 716)
(115, 728)
(115, 856)
(115, 905)
(115, 921)
(115, 928)
(115, 930)
(115, 953)
(115, 958)
(115, 959)
(115, 965)
(116, 117)
(116, 130)
(116, 151)
(116, 155)
(116, 231)
(116, 357)
(116, 496)
(116, 509)
(116, 604)
(116, 653)
(116, 726)
(116, 744)
(116, 757)
(116, 765)
(116, 814)
(116, 917)
(117, 142)
(117, 247)
(117, 291)
(117, 298)
(117, 308)
(117, 329)
(117, 348)
(117, 356)
(117, 357)
(117, 369)
(117, 392)
(117, 425)
(117, 427)
(117, 440)
(117, 450)
(117, 452)
(117, 453)
(117, 455)
(117, 465)
(117, 466)
(117, 467)
(117, 491)
(117, 496)
(117, 499)
(117, 508)
(117, 509)
(117, 512)
(117, 545)
(117, 553)
(117, 571)
(117, 574)
(117, 583)
(117, 586)
(117, 600)
(117, 604)
(117, 607)
(117, 616)
(117, 633)
(117, 659)
(117, 660)
(117, 706)
(117, 708)
(117, 715)
(117, 719)
(117, 726)
(117, 737)
(117, 746)
(117, 753)
(117, 756)
(117, 757)
(117, 765)
(117, 767)
(117, 776)
(117, 780)
(117, 793)
(117, 797)
(117, 804)
(117, 815)
(117, 817)
(117, 832)
(117, 837)
(117, 846)
(117, 857)
(117, 873)
(117, 887)
(117, 899)
(117, 901)
(117, 907)
(117, 917)
(117, 921)
(117, 926)
(117, 953)
(117, 965)
(117, 969)
(117, 972)
(117, 980)
(118, 176)
(118, 214)
(118, 224)
(118, 225)
(118, 241)
(118, 244)
(118, 249)
(118, 271)
(118, 455)
(118, 481)
(118, 496)
(118, 646)
(118, 757)
(118, 824)
(118, 917)
(118, 965)
(119, 151)
(119, 155)
(119, 212)
(119, 231)
(119, 272)
(119, 332)
(119, 357)
(119, 465)
(119, 466)
(119, 469)
(119, 494)
(119, 496)
(119, 509)
(119, 545)
(119, 583)
(119, 611)
(119, 644)
(119, 653)
(119, 657)
(119, 719)
(119, 737)
(119, 744)
(119, 746)
(119, 757)
(119, 765)
(119, 772)
(119, 804)
(119, 814)
(119, 815)
(119, 817)
(119, 839)
(119, 899)
(119, 901)
(119, 902)
(119, 907)
(119, 917)
(119, 925)
(119, 929)
(119, 965)
(119, 972)
(119, 990)
(120, 130)
(120, 152)
(120, 196)
(120, 198)
(120, 237)
(120, 263)
(120, 281)
(120, 374)
(120, 382)
(120, 399)
(120, 447)
(120, 449)
(120, 453)
(120, 486)
(120, 491)
(120, 496)
(120, 509)
(120, 516)
(120, 537)
(120, 540)
(120, 586)
(120, 604)
(120, 634)
(120, 640)
(120, 651)
(120, 659)
(120, 689)
(120, 706)
(120, 708)
(120, 712)
(120, 719)
(120, 729)
(120, 737)
(120, 744)
(120, 752)
(120, 753)
(120, 765)
(120, 767)
(120, 768)
(120, 770)
(120, 780)
(120, 784)
(120, 799)
(120, 810)
(120, 815)
(120, 817)
(120, 825)
(120, 839)
(120, 840)
(120, 843)
(120, 851)
(120, 884)
(120, 887)
(120, 899)
(120, 904)
(120, 940)
(120, 945)
(120, 956)
(120, 962)
(120, 969)
(120, 984)
(120, 985)
(120, 995)
(121, 218)
(121, 235)
(121, 415)
(121, 432)
